0 0.323028 0.554963 0.023454 0.053068
0 0.139659 0.634565 0.031983 0.064440
0 0.063433 0.635513 0.033049 0.051173
0 0.575504 0.456439 0.013550 0.033457
0 0.429464 0.452089 0.006775 0.032788
0 0.433793 0.450751 0.007151 0.036803
0 0.440379 0.452424 0.010539 0.034795
0 0.450730 0.420305 0.012421 0.033457
0 0.442261 0.425993 0.009033 0.030111
0 0.432099 0.422647 0.015056 0.030111
0 0.067186 0.564840 0.019196 0.044163
0 0.044414 0.572870 0.015056 0.042825
0 0.050248 0.557814 0.011668 0.038141
0 0.005269 0.651828 0.010539 0.050855