0 0.586442 0.419523 0.017934 0.049595
0 0.386577 0.398268 0.023115 0.041093
0 0.319425 0.445029 0.022716 0.043927
0 0.229755 0.578936 0.014746 0.041093
0 0.218795 0.569371 0.013550 0.048887
0 0.324805 0.541385 0.019927 0.051012
0 0.338753 0.532883 0.013550 0.045344
0 0.388969 0.583541 0.019130 0.047470
0 0.422246 0.562995 0.018731 0.046053
0 0.453332 0.483642 0.019528 0.043219
0 0.481428 0.479391 0.019130 0.044636
0 0.459908 0.572205 0.018333 0.054555
0 0.489200 0.545991 0.017934 0.047470
0 0.532241 0.582124 0.020325 0.051721
0 0.647019 0.443612 0.015543 0.039676
0 0.718755 0.520839 0.017934 0.043927
0 0.732305 0.566183 0.016340 0.048178
0 0.800668 0.547705 0.017906 0.047318
0 0.813734 0.480600 0.015970 0.036994
0 0.513695 0.856132 0.025648 0.068826
0 0.544909 0.402740 0.018389 0.027530
0 0.147116 0.457801 0.014518 0.041296
1 0.519986 0.416075 0.012098 0.012905