0 0.468517 0.334934 0.014941 0.028460
0 0.760072 0.456577 0.015342 0.042689
0 0.688701 0.451241 0.012673 0.041504
0 0.632004 0.470214 0.008671 0.027274
0 0.636673 0.478514 0.015342 0.046247
0 0.664354 0.588203 0.016009 0.056919
0 0.710045 0.590574 0.018010 0.052176
0 0.729055 0.553221 0.014674 0.050990
0 0.540622 0.539584 0.018010 0.047433
0 0.530283 0.610140 0.018677 0.053362
0 0.531617 0.573973 0.016009 0.042689
0 0.515275 0.479107 0.015342 0.040318
0 0.495598 0.446497 0.013340 0.041504
0 0.433231 0.484444 0.018010 0.050990
0 0.341515 0.451241 0.014674 0.050990
0 0.272145 0.465470 0.016009 0.048619
0 0.277481 0.612512 0.018677 0.058105
1 0.299493 0.581681 0.020011 0.060477
0 0.413220 0.872206 0.024680 0.065220
0 0.527948 0.476736 0.008671 0.026088