0 0.044690 0.481121 0.025664 0.080236
0 0.261947 0.463815 0.019469 0.070796
0 0.329204 0.502360 0.024779 0.075516
0 0.390708 0.452016 0.022124 0.072370
0 0.389823 0.523599 0.022124 0.073943
0 0.375664 0.725762 0.029204 0.106981
0 0.383186 0.665978 0.028319 0.094395
0 0.521681 0.640806 0.027434 0.091249
0 0.786283 0.528319 0.023894 0.083382
0 0.723894 0.539331 0.021239 0.073943
0 0.591150 0.581809 0.028319 0.077089
0 0.641777 0.462021 0.015118 0.060964
0 0.632559 0.454154 0.012168 0.054408
0 0.566372 0.478736 0.020649 0.058997
0 0.564712 0.451205 0.028392 0.044576
0 0.544985 0.475787 0.019912 0.074074
0 0.507743 0.502008 0.020649 0.060964
0 0.511062 0.467593 0.028024 0.065552
0 0.468289 0.458088 0.022861 0.063586
0 0.448009 0.458415 0.018437 0.064241
0 0.452802 0.418428 0.019912 0.048509
1 0.554480 0.491058 0.006637 0.013274