1 0.428319 0.479548 0.012389 0.017306
0 0.106637 0.498427 0.023894 0.070796
0 0.134445 0.502004 0.023826 0.071402
0 0.318244 0.416080 0.025187 0.059300
0 0.260041 0.501399 0.021784 0.072612
0 0.295439 0.514106 0.021784 0.066561
0 0.328114 0.492928 0.021784 0.070191
0 0.348196 0.532864 0.021103 0.072612
0 0.375766 0.492928 0.023145 0.065351
0 0.377127 0.561304 0.019061 0.064140
0 0.446222 0.514711 0.023826 0.077453
0 0.431586 0.639362 0.024506 0.082293
0 0.467325 0.754935 0.027910 0.100446
0 0.542546 0.617578 0.027229 0.084714
0 0.512934 0.506240 0.022464 0.070191
0 0.555820 0.551017 0.023826 0.067771
0 0.556841 0.503215 0.024506 0.061720
0 0.620490 0.488692 0.019741 0.068981
0 0.771273 0.479011 0.017699 0.066561
0 0.784547 0.493533 0.022464 0.066561
0 0.814500 0.514106 0.034717 0.032675
0 0.857386 0.503215 0.022464 0.071402