1 0.940708 0.555851 0.008850 0.018879
0 0.960619 0.528319 0.023894 0.055064
0 0.863717 0.504720 0.021239 0.051917
0 0.868142 0.600688 0.030088 0.064503
0 0.824779 0.555064 0.023009 0.058210
0 0.644248 0.593609 0.021239 0.062930
0 0.644248 0.698230 0.028319 0.067650
0 0.526549 0.938938 0.033628 0.095969
0 0.505752 0.569223 0.018584 0.064503
0 0.588053 0.576303 0.022124 0.062930
0 0.529204 0.469322 0.017699 0.056637
0 0.488496 0.470108 0.021239 0.061357
0 0.423009 0.473255 0.019469 0.051917
0 0.643363 0.502360 0.019469 0.062930
0 0.486726 0.400098 0.017699 0.044051
0 0.343805 0.481121 0.018584 0.051917
0 0.313717 0.478761 0.022124 0.056637
0 0.251770 0.503147 0.022124 0.064503
0 0.313274 0.646313 0.026549 0.070796
0 0.163274 0.528319 0.018584 0.064503
0 0.120796 0.581809 0.020354 0.058210
0 0.041593 0.494494 0.023009 0.056637