0 0.085366 0.506625 0.018970 0.051792
0 0.113821 0.520476 0.016260 0.055405
0 0.136856 0.429539 0.016260 0.044565
0 0.165650 0.426528 0.019648 0.048178
0 0.257791 0.415086 0.015583 0.039747
0 0.280827 0.394008 0.016938 0.033725
0 0.251355 0.450617 0.013550 0.043360
0 0.259824 0.498796 0.021003 0.060223
0 0.268631 0.571665 0.023713 0.054201
0 0.387873 0.437368 0.015583 0.048178
0 0.412263 0.409666 0.012873 0.043360
0 0.385501 0.543963 0.016260 0.056609
0 0.473720 0.447947 0.014620 0.048812
0 0.508487 0.382653 0.010697 0.036134
0 0.586578 0.404206 0.012124 0.037402
0 0.536835 0.491371 0.018186 0.044375
0 0.422372 0.584558 0.014620 0.051982
0 0.430752 0.593750 0.012837 0.052616
0 0.738661 0.568393 0.015333 0.053884
0 0.797764 0.440982 0.019648 0.057814
0 0.796409 0.546372 0.015583 0.063836
0 0.442751 0.910720 0.030488 0.086721
1 0.219249 0.418632 0.010915 0.016729