0 0.466821 0.411259 0.007716 0.027962
0 0.642806 0.504643 0.009497 0.032183
0 0.753502 0.516777 0.007716 0.034294
0 0.683909 0.768703 0.012761 0.054870
0 0.656606 0.685343 0.014542 0.047483
0 0.611052 0.557930 0.008903 0.038514
0 0.590723 0.544212 0.009793 0.037459
0 0.492937 0.502269 0.008310 0.036932
0 0.460737 0.503851 0.009200 0.031656
0 0.520388 0.651841 0.012761 0.048011
0 0.546207 0.637069 0.016322 0.043790
0 0.570691 0.680068 0.014245 0.046428
0 0.320513 0.770550 0.011277 0.057508
0 0.347222 0.508864 0.008310 0.035349
0 0.402570 0.501477 0.009200 0.036404
0 0.313984 0.523372 0.008903 0.041152
0 0.277778 0.510974 0.011277 0.035349
0 0.231927 0.594861 0.011574 0.042735
0 0.167156 0.640234 0.010239 0.039569
0 0.156250 0.530627 0.008903 0.034030
0 0.495459 0.892688 0.016560 0.060779
1 0.504808 0.864928 0.008629 0.010227