0 0.090447 0.556609 0.025068 0.060223
0 0.163618 0.460253 0.016938 0.055405
0 0.196816 0.576483 0.021003 0.054201
0 0.316057 0.495784 0.023713 0.046974
0 0.374661 0.412075 0.016260 0.050587
0 0.382114 0.424119 0.014905 0.040952
0 0.386179 0.494580 0.017615 0.056609
0 0.382791 0.586119 0.023035 0.061427
0 0.442751 0.543963 0.012873 0.051792
1 0.477981 0.574509 0.014228 0.058148
0 0.460140 0.566178 0.013927 0.050855
0 0.507189 0.458781 0.013927 0.048847
0 0.537865 0.470491 0.012797 0.045502
0 0.546899 0.397554 0.015808 0.038810
0 0.526573 0.394209 0.014303 0.040149
0 0.565154 0.589264 0.015432 0.059554
0 0.652288 0.404580 0.018067 0.050186
0 0.712511 0.489227 0.015808 0.050855
0 0.833025 0.430456 0.015398 0.041608
0 0.835181 0.576086 0.017246 0.065698
0 0.864129 0.564041 0.022173 0.061318
0 0.544161 0.893625 0.027716 0.087597