0 0.113482 0.445197 0.031843 0.059018
0 0.086721 0.565643 0.024390 0.068654
0 0.136856 0.587925 0.023035 0.062632
0 0.215108 0.481331 0.019648 0.061427
0 0.290989 0.495182 0.018293 0.062632
0 0.315379 0.439175 0.018293 0.046974
0 0.356369 0.407257 0.020325 0.057814
0 0.359417 0.545769 0.019648 0.067450
0 0.309282 0.602981 0.023713 0.066245
0 0.462398 0.496387 0.023713 0.057814
0 0.481707 0.472900 0.014905 0.054201
0 0.441734 0.557212 0.017615 0.059018
0 0.454607 0.602379 0.020325 0.067450
0 0.509824 0.607799 0.022358 0.066245
0 0.626694 0.530714 0.018970 0.066245
0 0.610095 0.426528 0.016938 0.052996
0 0.567751 0.371725 0.016260 0.039747
0 0.720528 0.449413 0.025068 0.060223
0 0.801491 0.465673 0.021680 0.061427
0 0.802846 0.603583 0.016260 0.072267
0 0.940041 0.590334 0.012873 0.062632
0 0.484079 0.954155 0.029133 0.091689
1 0.358463 0.426556 0.006159 0.009855