0 0.146696 0.462780 0.014793 0.047483
0 0.112385 0.541311 0.015204 0.052597
0 0.163133 0.540215 0.013971 0.046022
0 0.222099 0.495653 0.016026 0.053327
0 0.297296 0.508072 0.016847 0.054789
0 0.321129 0.486522 0.018491 0.051136
0 0.383588 0.397034 0.012738 0.041639
0 0.401257 0.433925 0.012738 0.045292
0 0.395505 0.587698 0.016026 0.059172
0 0.431870 0.516838 0.012327 0.051866
0 0.448923 0.522682 0.011095 0.051866
0 0.478715 0.575279 0.014793 0.054789
0 0.538914 0.585872 0.013560 0.056980
0 0.529668 0.472277 0.012327 0.048944
0 0.504397 0.371831 0.011095 0.037987
0 0.562336 0.372562 0.012738 0.043831
0 0.621096 0.387172 0.011917 0.042370
0 0.720537 0.397765 0.010273 0.035795
0 0.718277 0.456206 0.015615 0.046022
0 0.753616 0.562861 0.012327 0.053327
0 0.804924 0.529656 0.013112 0.045757
0 0.487082 0.876284 0.026224 0.081153
1 0.385150 0.450855 0.005876 0.009022