1 0.464325 0.755470 0.010509 0.015733
0 0.448230 0.946804 0.029204 0.086529
0 0.894912 0.623812 0.018437 0.056375
0 0.139749 0.648066 0.021386 0.055064
0 0.208333 0.520239 0.018437 0.051131
0 0.209440 0.633645 0.022124 0.057686
0 0.245575 0.505818 0.017699 0.048509
0 0.308628 0.502540 0.028761 0.060308
0 0.298304 0.646755 0.024336 0.065552
0 0.416667 0.635611 0.022124 0.061619
0 0.428835 0.534661 0.019912 0.053753
0 0.369100 0.486808 0.015487 0.049820
0 0.357301 0.501885 0.014012 0.048509
0 0.508481 0.587103 0.021386 0.053753
0 0.526917 0.508440 0.015487 0.048509
0 0.578540 0.560882 0.019912 0.056375
0 0.634218 0.511717 0.014749 0.052442
0 0.643805 0.505818 0.020649 0.058997
0 0.633850 0.447476 0.012537 0.039331
0 0.730826 0.566126 0.016224 0.058997
0 0.778392 0.508440 0.018437 0.045887
0 0.782817 0.554326 0.022861 0.045887
0 0.442478 0.737217 0.025074 0.073419