1 0.279647 0.400047 0.005342 0.009972
0 0.095709 0.529440 0.017806 0.063311
0 0.257579 0.385506 0.010350 0.050451
0 0.267094 0.423196 0.010684 0.052232
0 0.269264 0.380757 0.013021 0.055199
0 0.261752 0.541607 0.017361 0.056387
0 0.341213 0.459105 0.011351 0.056387
0 0.588942 0.370964 0.012687 0.053419
0 0.512987 0.442189 0.013021 0.052232
0 0.515992 0.470382 0.014356 0.054012
0 0.512654 0.530627 0.014356 0.059354
0 0.509482 0.558523 0.014690 0.062915
0 0.538194 0.518162 0.013355 0.058167
0 0.593783 0.519943 0.012353 0.056980
0 0.623998 0.555556 0.016693 0.064103
0 0.640358 0.559414 0.015358 0.059948
0 0.695947 0.534485 0.013689 0.059948
0 0.786425 0.561788 0.013689 0.067070
0 0.809128 0.522911 0.013689 0.058167
0 0.581096 0.262642 0.012353 0.037393
0 0.587384 0.853514 0.019142 0.089427
0 0.879630 0.451092 0.013355 0.052232
0 0.910123 0.561095 0.012019 0.061728