0 0.513326 0.691424 0.030917 0.064440
0 0.442964 0.660152 0.026652 0.066335
0 0.748401 0.536010 0.021322 0.056859
0 0.779851 0.509476 0.018124 0.049277
0 0.836354 0.581497 0.026652 0.056859
0 0.906183 0.555911 0.027719 0.051173
0 0.542644 0.493367 0.023454 0.051173
0 0.526386 0.490257 0.016880 0.055279
0 0.491516 0.461038 0.012882 0.042644
0 0.468417 0.538824 0.016436 0.054489
0 0.447539 0.553828 0.015547 0.060807
0 0.308502 0.708610 0.027097 0.065545
0 0.302727 0.482755 0.014659 0.051331
0 0.293177 0.509605 0.017768 0.049751
0 0.288291 0.552644 0.016880 0.048962
0 0.276344 0.497076 0.020761 0.054864
0 0.264561 0.574882 0.023005 0.058854
0 0.246044 0.533984 0.017394 0.052868
0 0.214286 0.514017 0.026297 0.058122
0 0.192253 0.495064 0.022033 0.055595
1 0.170931 0.517808 0.017768 0.025270